1.000000000 -0.000000000 0.000000000 -0.000000015 -0.000000000 1.000000000 0.000000000 0.000000000 0.000000000 0.000000000 1.000000000 0.000000007
0.999991536 -0.002400842 -0.003338306 -0.003466069 0.002393519 0.999994695 -0.002195910 -0.005401297 0.003343561 0.002187901 0.999992013 0.664580584
0.999971330 -0.001093150 -0.007496815 -0.012766415 0.001066228 0.999992967 -0.003594135 -0.010522349 0.007500691 0.003586038 0.999965429 1.358787060
0.999934852 -0.001650562 -0.011290465 -0.023845602 0.001595321 0.999986708 -0.004900003 -0.013571920 0.011298403 0.004881673 0.999924242 2.070828915
0.999872088 -0.000221052 -0.015992789 -0.045125443 0.000130785 0.999984026 -0.005645060 -0.015247541 0.015993780 0.005642247 0.999856174 2.791507006
0.999790430 -0.000749618 -0.020455599 -0.061286628 0.000628508 0.999982297 -0.005926439 -0.023702294 0.020459674 0.005912340 0.999773264 3.533730030
0.999691725 0.000582298 -0.024821313 -0.086932033 -0.000761136 0.999973834 -0.007196179 -0.028980367 0.024816480 0.007212854 0.999665976 4.285973549
0.999562442 0.003233357 -0.029402411 -0.123067051 -0.003472243 0.999961436 -0.008077278 -0.031264305 0.029375162 0.008175835 0.999535024 5.050571442
0.999413013 0.003650632 -0.034063913 -0.149679929 -0.003854546 0.999974966 -0.005922429 -0.050176457 0.034041438 0.006050254 0.999402046 5.847321987
0.999252379 0.002953789 -0.038548917 -0.185443133 -0.003080649 0.999989986 -0.003231891 -0.056954511 0.038538978 0.003348230 0.999251544 6.644464493
0.999124587 0.002873641 -0.041735496 -0.227369994 -0.002900513 0.999995530 -0.000583331 -0.064459473 0.041733630 0.000703874 0.999128580 7.453126431
0.999011338 0.003990817 -0.044276718 -0.270980775 -0.004060960 0.999990582 -0.001494389 -0.072099701 0.044270333 0.001672718 0.999018133 8.275394440
0.998918891 0.003575146 -0.046348840 -0.316678882 -0.003656397 0.999991894 -0.001668351 -0.078108825 0.046342492 0.001836017 0.998923898 9.095921516
0.998849750 0.000901468 -0.047940526 -0.361915886 -0.001017091 0.999996662 -0.002387472 -0.083753325 0.047938205 0.002433486 0.998847365 9.925136566
0.998731136 0.000120423 -0.050359916 -0.397216469 -0.000189436 0.999998927 -0.001365630 -0.093449488 0.050359704 0.001373437 0.998730183 10.776950836
0.998650432 -0.001326427 -0.051919743 -0.442868292 0.001236493 0.999997616 -0.001764257 -0.099929497 0.051921960 0.001697677 0.998649657 11.625414848
0.998556674 0.000933596 -0.053699411 -0.495644808 -0.001150481 0.999991179 -0.004008094 -0.111004457 0.053695202 0.004064089 0.998549104 12.479591370
0.998494983 0.001542540 -0.054822247 -0.549145103 -0.001911979 0.999975801 -0.006687036 -0.119704448 0.054810610 0.006781791 0.998473704 13.348153114
0.998388231 0.005371683 -0.056501180 -0.607640266 -0.005843038 0.999949455 -0.008180501 -0.133248001 0.056454387 0.008497452 0.998369038 14.221853256
0.998318970 0.006556366 -0.057585567 -0.663027346 -0.007015703 0.999945045 -0.007778062 -0.145957664 0.057531405 0.008168989 0.998310268 15.115109444
0.998248518 0.005345425 -0.058918472 -0.718432367 -0.005711702 0.999965370 -0.006050039 -0.161235273 0.058884099 0.006375965 0.998244464 15.999761581
0.998185754 0.006139985 -0.059897058 -0.783534706 -0.006444115 0.999967277 -0.004885687 -0.170564413 0.059865110 0.005262804 0.998192608 16.894708633
0.998124480 0.005756767 -0.060946267 -0.842250586 -0.006049099 0.999971092 -0.004613123 -0.188838214 0.060917951 0.004973141 0.998130441 17.800762177
0.997997522 0.005243962 -0.063035302 -0.892205834 -0.005597851 0.999969542 -0.005438858 -0.198837668 0.063004881 0.005780830 0.997996449 18.702482224
0.997955263 0.003852340 -0.063799813 -0.957518518 -0.004230392 0.999974370 -0.005791587 -0.214801371 0.063775867 0.006049643 0.997945905 19.615861893
0.997893870 0.003283619 -0.064784259 -1.011123896 -0.003570016 0.999984324 -0.004305513 -0.223252982 0.064769119 0.004527725 0.997889936 20.536668777
0.997905314 0.005429281 -0.064462908 -1.077407002 -0.005510203 0.999984145 -0.001077596 -0.233774215 0.064456046 0.001430542 0.997919500 21.452346802
0.997965395 0.006390424 -0.063434921 -1.142062426 -0.006228424 0.999976814 0.002751212 -0.242552936 0.063451044 -0.002350515 0.997982085 22.382905960
0.998078227 0.005683383 -0.061704513 -1.206567407 -0.005341340 0.999969482 0.005706773 -0.251455456 0.061735075 -0.005366221 0.998078048 23.315822601
0.998151541 0.005055193 -0.060563166 -1.255777001 -0.004662179 0.999967158 0.006628846 -0.259511471 0.060594689 -0.006334236 0.998142362 24.252183914
0.998236239 0.005557482 -0.059106428 -1.313557863 -0.005338082 0.999978304 0.003869170 -0.266059697 0.059126634 -0.003546831 0.998244166 25.196264267
0.998290360 0.005977375 -0.058144063 -1.374896407 -0.006035117 0.999981403 -0.000817534 -0.273185462 0.058138099 0.001167042 0.998307824 26.132873535
0.998349547 0.006180058 -0.057095762 -1.425461292 -0.006417724 0.999971449 -0.003980136 -0.281237483 0.057069533 0.004339991 0.998360813 27.078639984
0.998399138 0.003456534 -0.056456003 -1.477591276 -0.003634925 0.999988675 -0.003057421 -0.290417969 0.056444798 0.003257740 0.998400450 28.036359787
0.998404741 0.001646494 -0.056438476 -1.542451382 -0.001537382 0.999996901 0.001976664 -0.300030738 0.056441553 -0.001886744 0.998404145 29.017135620
0.998358905 -0.001657738 -0.057242718 -1.591845751 0.001973184 0.999983191 0.005454591 -0.313779384 0.057232715 -0.005558590 0.998345375 29.970237732
0.998235583 -0.009003288 -0.058690708 -1.636115313 0.009301972 0.999945223 0.004817885 -0.320265532 0.058644101 -0.005355324 0.998264611 30.946956635
0.998150468 -0.011375935 -0.059716649 -1.694730878 0.011453277 0.999933958 0.000953086 -0.325425655 0.059701871 -0.001635275 0.998214960 31.908557892
0.998065174 -0.011179844 -0.061161391 -1.756940365 0.011024089 0.999935031 -0.002883487 -0.333693862 0.061189655 0.002203660 0.998123765 32.887943268
0.997977555 -0.009799158 -0.062806487 -1.837810874 0.009571620 0.999946415 -0.003922701 -0.338425756 0.062841579 0.003313608 0.998018026 33.872306824
0.997902274 -0.009617447 -0.064019337 -1.883649468 0.009493778 0.999952435 -0.002235646 -0.358366907 0.064037792 0.001623171 0.997946262 34.850376129
0.997834742 -0.006596276 -0.065437615 -1.953908324 0.006645039 0.999977767 0.000527589 -0.370792031 0.065432683 -0.000961283 0.997856498 35.847042084
0.997767389 -0.006055136 -0.066509724 -2.026050091 0.006189792 0.999979317 0.001818735 -0.385552555 0.066497311 -0.002226355 0.997784019 36.830459595
0.997712791 -0.004963555 -0.067413099 -2.097318888 0.005265538 0.999976873 0.004302641 -0.391676247 0.067390181 -0.004647766 0.997715831 37.805690765
0.997729182 -0.004400445 -0.067208193 -2.163711786 0.004907789 0.999960601 0.007385608 -0.404384196 0.067173056 -0.007698681 0.997711599 38.804374695
0.997701645 0.001015570 -0.067752779 -2.240859747 -0.000364551 0.999953628 0.009620419 -0.406332463 0.067759410 -0.009573609 0.997655749 39.785968781
0.997689128 0.001720872 -0.067924283 -2.318263769 -0.001121199 0.999960005 0.008865678 -0.411129713 0.067936823 -0.008769035 0.997651041 40.782558441
0.997692168 0.001426698 -0.067883372 -2.380912781 -0.000925654 0.999972165 0.007411832 -0.417364359 0.067892030 -0.007331889 0.997665703 41.772983551
0.997701705 0.004065617 -0.067637093 -2.463586092 -0.003741191 0.999980927 0.004922554 -0.420819700 0.067655809 -0.004658197 0.997697771 42.766075134
0.997652829 0.003460549 -0.068386614 -2.536949158 -0.003115619 0.999981999 0.005149840 -0.427247912 0.068403199 -0.004924687 0.997645557 43.745021820
0.997554362 0.001289401 -0.069884524 -2.596077442 -0.000848878 0.999979496 0.006332922 -0.436480850 0.069891289 -0.006258110 0.997534990 44.733181000
0.997497857 0.001575801 -0.070679381 -2.669439316 -0.001045374 0.999970973 0.007541055 -0.444752544 0.070689231 -0.007448299 0.997470558 45.719116211
0.997503221 0.004563076 -0.070471779 -2.756338596 -0.004290369 0.999982655 0.004020619 -0.458456367 0.070488915 -0.003708231 0.997505724 46.690917969
0.997418106 0.004954735 -0.071641460 -2.826826096 -0.004978883 0.999987543 -0.000158477 -0.465235531 0.071639776 0.000514762 0.997430503 47.654529572
0.997359037 0.005598308 -0.072413087 -2.894207001 -0.005726028 0.999982417 -0.001556292 -0.469329894 0.072403111 0.001966822 0.997373462 48.621734619
0.997357786 0.004471562 -0.072508305 -2.966761589 -0.004328068 0.999988317 0.002136004 -0.483663082 0.072517008 -0.001816539 0.997365534 49.600528717
0.997350395 0.002329748 -0.072710782 -3.038468122 -0.001962241 0.999984920 0.005125411 -0.493833393 0.072721638 -0.004969154 0.997339904 50.567707062
0.997338593 0.000189894 -0.072908759 -3.106305122 0.000239740 0.999982655 0.005883964 -0.501690805 0.072908632 -0.005885785 0.997321248 51.522529602
0.997314453 -0.002944762 -0.073179208 -3.176452160 0.003281185 0.999984622 0.004477450 -0.509172797 0.073164910 -0.004705541 0.997308671 52.479209900
0.997289181 -0.005997099 -0.073337421 -3.246251822 0.006274959 0.999973953 0.003558957 -0.522010088 0.073314175 -0.004009499 0.997300863 53.426113129
0.997212946 -0.007200942 -0.074260131 -3.317983389 0.007560598 0.999961078 0.004563217 -0.530970275 0.074224383 -0.005111950 0.997228503 54.374629974
0.997080326 -0.010531369 -0.075631030 -3.387419224 0.011220301 0.999899268 0.008689987 -0.534778833 0.075531907 -0.009513217 0.997098148 55.328296661
0.997009397 -0.011427860 -0.076430947 -3.452133894 0.012529921 0.999824047 0.013955060 -0.540899873 0.076258041 -0.014870997 0.996977389 56.270961761
0.997018993 -0.009321310 -0.076590896 -3.535707474 0.010553127 0.999821126 0.015694141 -0.537176728 0.076430917 -0.016455632 0.996939123 57.213253021
0.996899307 -0.008492893 -0.078228056 -3.612270832 0.009443112 0.999885917 0.011784876 -0.539671957 0.078119062 -0.012487049 0.996865869 58.150360107
0.996807098 -0.006577758 -0.079576492 -3.686174870 0.006929439 0.999967337 0.004144078 -0.548623919 0.079546630 -0.004682265 0.996820271 59.045608521
0.996770799 -0.004945828 -0.080146708 -3.772577524 0.004929225 0.999987781 -0.000405008 -0.558827817 0.080147736 0.000008639 0.996783018 59.979782104
0.996729255 0.000346875 -0.080813065 -3.858403206 -0.000322645 0.999999881 0.000312895 -0.568129599 0.080813162 -0.000285797 0.996729255 60.878368378
0.996608377 0.002968408 -0.082237124 -3.941401482 -0.002747898 0.999992311 0.002794458 -0.583457589 0.082244799 -0.002559001 0.996608913 61.778614044
0.996514738 0.005156363 -0.083258525 -4.017505646 -0.004817777 0.999979258 0.004267088 -0.596534550 0.083278805 -0.003851095 0.996518850 62.655158997
0.996391654 0.005880493 -0.084670037 -4.092306614 -0.005560868 0.999976397 0.004010294 -0.605776191 0.084691629 -0.003524985 0.996401012 63.521739960
0.996267498 0.007492827 -0.085993014 -4.173339367 -0.007094689 0.999962687 0.004934573 -0.614710331 0.086026780 -0.004306061 0.996283531 64.369834900
0.996137202 0.008614762 -0.087385640 -4.253544331 -0.008173928 0.999952018 0.005401277 -0.624743581 0.087427996 -0.004666130 0.996159911 65.211067200
0.996008635 0.008159121 -0.088882469 -4.325773716 -0.007654751 0.999952495 0.006013955 -0.636693478 0.088927336 -0.005309578 0.996023893 66.026786804
0.995909274 0.007931135 -0.090010159 -4.400569916 -0.007328618 0.999948442 0.007022418 -0.642488360 0.090061218 -0.006334041 0.995916069 66.832000732
0.995765805 0.010719437 -0.091298573 -4.479948521 -0.009873245 0.999904037 0.009715019 -0.647116840 0.091393963 -0.008772471 0.995776236 67.626701355
0.995620131 0.012254294 -0.092683807 -4.558226585 -0.011003020 0.999841392 0.013999453 -0.656454980 0.092840657 -0.012918334 0.995597303 68.414154053
0.995433748 0.015273294 -0.094224490 -4.642285347 -0.013868443 0.999782860 0.015546535 -0.656744242 0.094441496 -0.014168800 0.995429575 69.189079285
0.995266199 0.018554110 -0.095398694 -4.722829342 -0.017519612 0.999778450 0.011670227 -0.669731975 0.095594086 -0.009943636 0.995370686 69.926521301
0.995130718 0.018643815 -0.096783936 -4.798460484 -0.018314984 0.999823153 0.004284893 -0.675542235 0.096846692 -0.002491433 0.995296121 70.650115967
0.995003521 0.017630709 -0.098270431 -4.869798183 -0.017850557 0.999839723 -0.001358329 -0.685894251 0.098230720 0.003105725 0.995158732 71.357704163
0.994955838 0.018231412 -0.098642290 -4.943026543 -0.018596960 0.999823093 -0.002787548 -0.688595653 0.098574005 0.004607935 0.995119035 72.050765991
0.994836032 0.021056842 -0.099286251 -5.023504257 -0.021076135 0.999777555 0.000854722 -0.699308991 0.099282168 0.001242261 0.995058537 72.728317261
0.994710743 0.021384181 -0.100464851 -5.096921921 -0.021161169 0.999770761 0.003285090 -0.716818690 0.100512065 -0.001141760 0.994935215 73.382865906
0.994686961 0.018124754 -0.101336688 -5.160576344 -0.018237619 0.999833703 -0.000187365 -0.725143433 0.101316422 0.002034510 0.994852126 74.008514404
0.994756460 0.009990606 -0.101782888 -5.206138611 -0.010556958 0.999931574 -0.005027169 -0.743411660 0.101725720 0.006075327 0.994793952 74.627960205
0.994884133 0.005972804 -0.100845151 -5.259908199 -0.007005945 0.999926507 -0.009893774 -0.752121627 0.100778669 0.010549676 0.994852960 75.223922729
0.995169520 0.008202293 -0.097827598 -5.318884373 -0.009267454 0.999902546 -0.010438710 -0.760017276 0.097732455 0.011294900 0.995148659 75.808052063
0.995514512 0.013403783 -0.093653664 -5.380813599 -0.014133000 0.999874651 -0.007127362 -0.775763571 0.093546391 0.008419000 0.995579302 76.377761841
0.995952904 0.011869679 -0.089088038 -5.428369522 -0.012278992 0.999916375 -0.004047826 -0.785996139 0.089032538 0.005125357 0.996015489 76.933105469
0.996496916 0.008317906 -0.083214715 -5.466362476 -0.008360120 0.999965012 -0.000158818 -0.791191518 0.083210483 0.000853946 0.996531546 77.481300354
0.997187674 0.003647042 -0.074855462 -5.497691631 -0.003389240 0.999987841 0.003570748 -0.809649229 0.074867561 -0.003307003 0.997187912 78.009155273
0.997896969 0.007216242 -0.064416826 -5.525625706 -0.007020917 0.999970078 0.003258068 -0.816175342 0.064438418 -0.002798951 0.997917712 78.520820618
0.998707771 0.012426988 -0.049278919 -5.552825928 -0.012314066 0.999920905 0.002594372 -0.821884990 0.049307261 -0.001984196 0.998781681 79.023056030
0.999360204 0.017459435 -0.031215865 -5.566731453 -0.017361892 0.999843478 0.003393208 -0.831905961 0.031270213 -0.002849071 0.999506891 79.517272949
0.999830484 0.016003795 -0.009108186 -5.555493355 -0.015968530 0.999864757 0.003931241 -0.837137461 0.009169869 -0.003785130 0.999950767 79.997940063
0.999774694 0.012474907 0.017172232 -5.525633335 -0.012556639 0.999910295 0.004659917 -0.841788411 -0.017112555 -0.004874494 0.999841690 80.451904297
0.998844266 0.011318636 0.046713095 -5.481849670 -0.011632173 0.999911547 0.006445571 -0.852699578 -0.046636008 -0.006981497 0.998887539 80.906845093
0.996769845 0.010813713 0.079579219 -5.421946049 -0.011490623 0.999901533 0.008053054 -0.861560404 -0.079484299 -0.008941457 0.996795952 81.355834961
0.993040979 0.011098990 0.117244489 -5.347452164 -0.012127169 0.999893963 0.008059776 -0.860576034 -0.117142588 -0.009425533 0.993070364 81.800659180
0.987235725 0.010828744 0.158897132 -5.260541916 -0.012299817 0.999890089 0.008277474 -0.871568799 -0.158790052 -0.010126227 0.987260401 82.199081421
0.978892207 0.010554841 0.204104036 -5.146518707 -0.012464176 0.999889612 0.008071417 -0.876712978 -0.203996330 -0.010445040 0.978915930 82.615364075
0.967421770 0.012809872 0.252846152 -5.009939194 -0.014793611 0.999872863 0.005945976 -0.885042906 -0.252737820 -0.009492774 0.967488289 83.016670227
0.951799870 0.013930533 0.306402862 -4.861291885 -0.015615156 0.999873400 0.003047417 -0.892548561 -0.306321651 -0.007685063 0.951897025 83.402015686
0.932098866 0.014659419 0.361906946 -4.678344727 -0.015782140 0.999875486 0.000146241 -0.889955044 -0.361859679 -0.005847978 0.932214200 83.768730164
0.907958746 0.014347596 0.418813914 -4.492076874 -0.015141919 0.999884248 -0.001427131 -0.901954174 -0.418786079 -0.005045869 0.908070862 84.086395264
0.878822207 0.014615546 0.476925552 -4.272827148 -0.014629289 0.999886155 -0.003684728 -0.905600965 -0.476925135 -0.003738862 0.878935993 84.415306091
0.845587730 0.013426878 0.533667743 -4.028514862 -0.012159368 0.999908626 -0.005891011 -0.913931847 -0.533698201 -0.001507696 0.845673680 84.713729858
0.808664024 0.013137947 0.588124156 -3.764255524 -0.010640732 0.999913633 -0.007705918 -0.918387890 -0.588174582 -0.000026573 0.808734000 85.005302429
0.768480420 0.012247102 0.639756083 -3.489360809 -0.009696922 0.999924839 -0.007493931 -0.922062576 -0.639799893 -0.000444726 0.768541396 85.279022217
0.726129591 0.010923071 0.687471151 -3.200839996 -0.011159922 0.999929309 -0.004100173 -0.943465590 -0.687467396 -0.004694869 0.726200104 85.518737793
0.681254625 0.010380846 0.731972933 -2.897861481 -0.010359213 0.999935985 -0.004539679 -0.944163799 -0.731973350 -0.004489986 0.681318521 85.735290527
0.636302650 0.008385072 0.771393895 -2.565795898 -0.006004039 0.999964416 -0.005917064 -0.952858329 -0.771416247 -0.000866437 0.636330485 85.921379089
0.589379668 0.005843912 0.807835162 -2.233760834 -0.000114249 0.999974430 -0.007150501 -0.957921505 -0.807856321 0.004122064 0.589365125 86.103721619
0.542618155 0.007473466 0.839946330 -1.900501251 -0.002316271 0.999969840 -0.007400938 -0.974750578 -0.839976490 0.002070339 0.542618990 86.275100708
0.496142745 0.010790016 0.868173957 -1.560768127 -0.005139795 0.999941707 -0.009490399 -0.974787951 -0.868225813 0.000246355 0.496169239 86.422706604
0.450121343 0.012328667 0.892882288 -1.224395752 -0.006173989 0.999923706 -0.010694223 -0.992106915 -0.892946064 -0.000698948 0.450163126 86.563240051
0.407182157 0.010096718 0.913291097 -0.863275528 0.000620663 0.999935567 -0.011331315 -0.997359812 -0.913346827 0.005180755 0.407149613 86.690147400
0.367186755 0.002867774 0.930142760 -0.492719650 0.015609751 0.999835372 -0.009244815 -1.000894070 -0.930016339 0.017913874 0.367081612 86.786849976
0.331827879 -0.000611033 0.943339765 -0.124485016 0.019523598 0.999790072 -0.006219996 -1.004695296 -0.943137944 0.020481355 0.331770152 86.877082825
0.298429906 0.003240579 0.954426050 0.239603043 0.017122610 0.999815166 -0.008748585 -1.013234138 -0.954278052 0.018953107 0.298319221 86.974403381
0.267563999 0.010597567 0.963481903 0.610322952 0.006527216 0.999896646 -0.012810744 -1.029154539 -0.963518023 0.009716548 0.267467231 87.072738647
0.238965005 0.015083333 0.970910966 0.991043091 0.001706484 0.999871254 -0.015953243 -1.046610117 -0.971026838 0.005469113 0.238908514 87.160133362
0.213098913 0.016999843 0.976882756 1.389451981 0.001732292 0.999840438 -0.017777244 -1.064626932 -0.977029145 0.005480558 0.213035449 87.233459473
0.189795285 0.018598102 0.981647551 1.793329239 0.009013425 0.999745369 -0.020683674 -1.072813988 -0.981782377 0.012773670 0.189579338 87.282768250
0.169923007 0.024433304 0.985154390 2.205218315 0.016006013 0.999492228 -0.027549680 -1.076299429 -0.985327482 0.020449720 0.169445664 87.324348450
0.150212914 0.031736918 0.988144159 2.629400253 0.018562194 0.999217868 -0.034914318 -1.070863247 -0.988479435 0.023586705 0.149506360 87.377296448
0.132451147 0.032141123 0.990668297 3.067112923 0.016155358 0.999271333 -0.034580193 -1.088083267 -0.991057932 0.020584792 0.131835401 87.431159973
0.117036939 0.027876893 0.992736161 3.519433975 0.014898108 0.999444127 -0.029821645 -1.108078003 -0.993015766 0.018280122 0.116556562 87.479568481
0.102483720 0.024650568 0.994429171 3.989704132 0.014577084 0.999548435 -0.026279747 -1.130455852 -0.994627953 0.017189128 0.102078095 87.519554138
0.089428447 0.022043563 0.995749295 4.475242138 0.017149290 0.999572694 -0.023668386 -1.148453355 -0.995845616 0.019193022 0.089012183 87.551231384
0.077811778 0.021332296 0.996739745 4.966195107 0.020896506 0.999516606 -0.023023034 -1.161058784 -0.996749043 0.022619843 0.077328369 87.575080872
0.067516893 0.021819001 0.997479677 5.474596024 0.024182091 0.999431491 -0.023498522 -1.175121546 -0.997425020 0.025707686 0.066950858 87.603279114
0.059742611 0.022410434 0.997962236 6.001456261 0.026343921 0.999364316 -0.024018992 -1.189551353 -0.997866094 0.027725196 0.059114248 87.627639771
0.054127105 0.022623774 0.998277724 6.554689884 0.027954174 0.999317169 -0.024163013 -1.208333135 -0.998142660 0.029213903 0.053457696 87.655395508
0.048673913 0.023972416 0.998527110 7.114412308 0.029619856 0.999237657 -0.025433321 -1.217573404 -0.998375475 0.030814165 0.047926746 87.674301147
0.043044407 0.024725692 0.998767138 7.690492630 0.030326666 0.999200702 -0.026043430 -1.233175039 -0.998612702 0.031410307 0.042260159 87.691162109
0.038493302 0.024414627 0.998960614 8.294948578 0.032979093 0.999125838 -0.025689462 -1.252620816 -0.998714566 0.033933695 0.037654486 87.712371826
0.035469014 0.024605695 0.999067724 8.921091080 0.033871066 0.999092937 -0.025808809 -1.271786094 -0.998796582 0.034754902 0.034603424 87.730819702
0.032494139 0.024096265 0.999181330 9.560043335 0.034795277 0.999076068 -0.025225293 -1.291077852 -0.998866081 0.035586465 0.031625692 87.747886658
0.030077063 0.023395494 0.999273658 10.212829590 0.037255190 0.999005139 -0.024510542 -1.311634541 -0.998853087 0.037965339 0.029175535 87.764442444
0.029483544 0.023097005 0.999298394 10.889354706 0.041995283 0.998821616 -0.024325024 -1.330261707 -0.998682737 0.042683002 0.028478837 87.776390076
0.030728895 0.022646738 0.999271095 11.581894875 0.045510825 0.998674691 -0.024032734 -1.351499081 -0.998491168 0.046216160 0.029657492 87.791770935
0.032732364 0.022658959 0.999207318 12.275054932 0.046579849 0.998622119 -0.024171565 -1.370660663 -0.998378158 0.047334120 0.031631812 87.817024231
0.036520220 0.022787906 0.999073148 12.997898102 0.049077421 0.998492658 -0.024568651 -1.389678478 -0.998127103 0.049929179 0.035346813 87.844543457
0.041000135 0.022151848 0.998913586 13.734865189 0.049557030 0.998478651 -0.024176259 -1.412526727 -0.997929335 0.050494418 0.039839983 87.873794556
0.045191664 0.020638274 0.998765171 14.493483543 0.051236093 0.998422861 -0.022949509 -1.430822730 -0.997663558 0.052209947 0.044062961 87.902336121
0.048989002 0.019037316 0.998617887 15.259021759 0.050961822 0.998468518 -0.021534488 -1.452839971 -0.997498333 0.051946342 0.047943790 87.945320129
0.053144630 0.016796550 0.998445630 16.037277222 0.047950603 0.998662233 -0.019352483 -1.477001548 -0.997434855 0.048904549 0.052268129 87.996223450
0.057016488 0.015911903 0.998246372 16.832845688 0.047007903 0.998721242 -0.018604407 -1.494235277 -0.997265995 0.047986235 0.056195591 88.046997070
0.061112922 0.017041817 0.997985363 17.633184433 0.044109553 0.998831213 -0.019757371 -1.513929605 -0.997155845 0.045228124 0.060289785 88.106544495
0.064086206 0.020740202 0.997728825 18.428518295 0.041742850 0.998853266 -0.023444805 -1.545332313 -0.997071028 0.043150533 0.063146964 88.163604736
0.065524966 0.026020797 0.997511506 19.239143372 0.036242340 0.998938322 -0.028438717 -1.573225498 -0.997192562 0.038015615 0.064512335 88.227569580
0.065233059 0.029354511 0.997438133 20.049808502 0.033430047 0.998941898 -0.031585112 -1.596978068 -0.997309923 0.035404801 0.064182721 88.288024902
0.065353870 0.028888896 0.997443855 20.860712051 0.031197077 0.999032974 -0.030979002 -1.630995274 -0.997374415 0.033141930 0.064389430 88.347412109
0.065532736 0.026952721 0.997486413 21.687681198 0.028419120 0.999179244 -0.028865544 -1.667024612 -0.997445703 0.030239327 0.064712979 88.407493591
0.065021187 0.025740679 0.997551799 22.505805969 0.029290635 0.999187231 -0.027692070 -1.698189020 -0.997453928 0.031019500 0.064214386 88.471473694
0.065244444 0.024850417 0.997559786 23.320848465 0.027017899 0.999279380 -0.026660332 -1.735196114 -0.997503519 0.028691411 0.064526014 88.533386230
0.065512575 0.025237653 0.997532487 24.127538681 0.025063667 0.999323070 -0.026929002 -1.770083189 -0.997536898 0.026766013 0.064835683 88.585556030
0.065423533 0.025579510 0.997529745 24.940107346 0.021888645 0.999394059 -0.027062900 -1.807517052 -0.997617424 0.023605127 0.064824007 88.647766113
0.064256132 0.027010189 0.997567773 25.751735687 0.019199675 0.999415159 -0.028296914 -1.839490652 -0.997748733 0.020971229 0.063699968 88.710128784
0.061603308 0.026935184 0.997737229 26.563638687 0.015913317 0.999482214 -0.027964830 -1.870065451 -0.997973859 0.017600035 0.061142784 88.760147095
0.057633843 0.025780689 0.998004854 27.371006012 0.013414367 0.999556243 -0.026595434 -1.901628733 -0.998247623 0.014920401 0.057262443 88.813148499
0.052641150 0.023263549 0.998342454 28.188310623 0.011564267 0.999647319 -0.023903722 -1.934409142 -0.998546600 0.012803419 0.052353553 88.864334106
0.046811312 0.021205615 0.998678625 28.998538971 0.009193507 0.999723136 -0.021658722 -1.962762117 -0.998861372 0.010195231 0.046603400 88.900947571
0.039192736 0.021432441 0.999001861 29.802064896 0.008948264 0.999722302 -0.021798959 -1.991416216 -0.999191642 0.009793691 0.038990073 88.935363770
0.030559447 0.022341311 0.999283373 30.607057571 0.008547980 0.999707699 -0.022612214 -2.021593809 -0.999496400 0.009232870 0.030359542 88.959175110
0.020662943 0.022940656 0.999523282 31.408069611 0.008982561 0.999692082 -0.023130223 -2.049137831 -0.999746144 0.009456216 0.020450519 88.972480774
0.010471692 0.021863509 0.999706089 32.205379486 0.010460291 0.999703884 -0.021973029 -2.077301979 -0.999890447 0.010687312 0.010239890 88.979743958
-0.000474906 0.020907303 0.999781251 32.999076843 0.009455707 0.999736905 -0.020901879 -2.106139660 -0.999955118 0.009443712 -0.000672475 88.982398987
-0.011588173 0.019807091 0.999736547 33.783985138 0.010729215 0.999748766 -0.019682961 -2.136666298 -0.999875247 0.010498300 -0.011797780 88.972175598
-0.022540225 0.020502832 0.999535620 34.561687469 0.010940708 0.999734819 -0.020260191 -2.159871578 -0.999686062 0.010478958 -0.022758566 88.955635071
-0.033953931 0.021218561 0.999198198 35.338100433 0.010647219 0.999725580 -0.020867951 -2.185024977 -0.999366581 0.009930132 -0.034170538 88.931457520
-0.043931957 0.022050748 0.998791099 36.109672546 0.010586920 0.999710560 -0.021605380 -2.218132973 -0.998978436 0.009624956 -0.044152696 88.884002686
-0.054342173 0.023167504 0.998253465 36.875267029 0.011208659 0.999682009 -0.022590486 -2.241818428 -0.998459578 0.009961466 -0.054584574 88.842994690
-0.063887969 0.023751017 0.997674346 37.629352570 0.012413636 0.999658406 -0.023003316 -2.275400162 -0.997879863 0.010915131 -0.064160980 88.790084839
-0.073576704 0.024318142 0.996993005 38.396263123 0.012706108 0.999644339 -0.023445118 -2.299573898 -0.997208655 0.010942888 -0.073859528 88.735008240
-0.082920268 0.024675231 0.996250629 39.137199402 0.013409429 0.999630392 -0.023642845 -2.329346895 -0.996465981 0.011398680 -0.083220527 88.673095703
-0.091560684 0.024190784 0.995505571 39.868751526 0.014774332 0.999627829 -0.022932099 -2.353879929 -0.995689929 0.012608254 -0.091884024 88.600929260
-0.098716088 0.022996875 0.994849801 40.610774994 0.016563542 0.999632418 -0.021463873 -2.382663012 -0.994977772 0.014359407 -0.099060684 88.519897461
-0.103981502 0.021282263 0.994351447 41.336700439 0.019307431 0.999625802 -0.019376134 -2.409491301 -0.994391799 0.017183613 -0.104353487 88.444969177
-0.107804455 0.019831328 0.993974328 42.043579102 0.022531027 0.999592960 -0.017499760 -2.433243752 -0.993916810 0.020508712 -0.108207390 88.361312866
-0.110329717 0.018766023 0.993717849 42.758789062 0.024126939 0.999577761 -0.016197935 -2.452520132 -0.993602157 0.022188259 -0.110735871 88.274734497
-0.112291008 0.017884564 0.993514359 43.441284180 0.023956230 0.999596119 -0.015286412 -2.476098299 -0.993386507 0.022084335 -0.112674095 88.201347351
-0.113052741 0.018457873 0.993417442 44.103401184 0.025437661 0.999553502 -0.015677029 -2.496672630 -0.993263304 0.023497885 -0.113471784 88.124343872
-0.112111479 0.019393334 0.993506312 44.756008148 0.026095284 0.999522209 -0.016566062 -2.516659021 -0.993352950 0.024068585 -0.112563990 88.053199768
-0.108922072 0.020827422 0.993831992 45.376739502 0.026988925 0.999473929 -0.017987723 -2.540964127 -0.993683934 0.024863202 -0.109426878 87.983993530
-0.103875950 0.021387629 0.994360387 46.001754761 0.026707834 0.999468207 -0.018707460 -2.563830614 -0.994231641 0.024613954 -0.104391925 87.918922424
-0.095947452 0.022264982 0.995137393 46.598754883 0.025950063 0.999465883 -0.019859824 -2.582304001 -0.995048106 0.023918379 -0.096473984 87.867637634
-0.084640533 0.022282489 0.996162355 47.183795929 0.024906563 0.999484777 -0.020240583 -2.605289936 -0.996100307 0.023097808 -0.085151903 87.825866699
-0.070899621 0.022436336 0.997231066 47.735771179 0.024392921 0.999486923 -0.020752845 -2.629423380 -0.997185111 0.022854015 -0.071410537 87.794525146
-0.054063704 0.023182090 0.998268306 48.270275116 0.023118652 0.999491513 -0.021958452 -2.662335873 -0.998269796 0.021891465 -0.054572135 87.784866333
-0.032602772 0.026107263 0.999127388 48.809558868 0.021606885 0.999443412 -0.025410470 -2.680296421 -0.999234736 0.020759577 -0.033148732 87.779907227
-0.007801455 0.029170927 0.999544084 49.330314636 0.019711876 0.999384642 -0.029012425 -2.704097748 -0.999775290 0.019476546 -0.008371664 87.794807434
0.020260442 0.030919222 0.999316514 49.846076965 0.017797410 0.999352098 -0.031281155 -2.725165129 -0.999636292 0.018419016 0.019697033 87.830741882
0.053671557 0.030259907 0.998100102 50.358345032 0.015044312 0.999402761 -0.031108391 -2.749700069 -0.998445272 0.016685365 0.053184260 87.875343323
0.093077227 0.027443320 0.995280623 50.826595306 0.013938029 0.999486208 -0.028862745 -2.777209282 -0.995561361 0.016558716 0.092646889 87.909744263
0.134271562 0.024584722 0.990639508 51.356590271 0.012701316 0.999567330 -0.026527826 -2.785182476 -0.990863144 0.016144361 0.133901268 88.021331787
0.180069610 0.020282868 0.983444691 51.841781616 0.009879678 0.999699652 -0.022427093 -2.806314945 -0.983604193 0.013754558 0.179815173 88.130218506
0.228545249 0.017087568 0.973383248 52.329284668 0.005265630 0.999809563 -0.018787820 -2.822933912 -0.973519027 0.009419344 0.228411794 88.273727417
0.280311912 0.015587674 0.959782362 52.794746399 0.001148775 0.999861956 -0.016574111 -2.841739178 -0.959908247 0.005748497 0.280255377 88.441902161
0.334647357 0.015360461 0.942218125 53.241638184 -0.000425396 0.999869406 -0.016149230 -2.859072208 -0.942343295 0.005003481 0.334610283 88.638397217
0.390114814 0.015620697 0.920633733 53.650268555 0.002016167 0.999839127 -0.017818952 -2.879088640 -0.920764029 0.008807587 0.390020609 88.869735718
0.450694531 0.018321505 0.892490268 54.070701599 0.003023210 0.999752283 -0.022050116 -2.900888443 -0.892673135 0.012636052 0.450527519 89.108268738
0.511012316 0.021646215 0.859300792 54.468955994 0.003617894 0.999619842 -0.027332429 -2.919125080 -0.859565735 0.017076066 0.510739803 89.372726440
0.569929242 0.027284246 0.821240723 54.821823120 0.000112038 0.999445915 -0.033282556 -2.912637949 -0.821693718 0.019060714 0.569610476 89.653625488
0.623474956 0.029189575 0.781298280 55.146362305 -0.004017015 0.999409318 -0.034132704 -2.942504168 -0.781833172 0.018142393 0.623223841 89.995887756
0.676946282 0.029867426 0.735426068 55.472461700 -0.005732116 0.999359965 -0.035310104 -2.961577892 -0.736010075 0.019687498 0.676684320 90.337188721
0.725787103 0.027978847 0.687350154 55.761249542 -0.005997059 0.999391854 -0.034348205 -2.978107929 -0.687893271 0.020807406 0.725513697 90.692367554
0.770115256 0.025265943 0.637404084 56.009445190 -0.008908809 0.999543846 -0.028857050 -2.993394613 -0.637842476 0.016544746 0.769989133 91.080978394
0.811751962 0.020588050 0.583639383 56.259651184 -0.009184011 0.999704838 -0.022491341 -2.999460697 -0.583930194 0.012897244 0.811701477 91.479026794
0.848461092 0.018747630 0.528925717 56.478462219 -0.011846586 0.999794781 -0.016434100 -3.005415916 -0.529125214 0.007677729 0.848509073 91.903053284
0.879498243 0.015368083 0.475653976 56.664581299 -0.012730608 0.999880552 -0.008766249 -3.016304970 -0.475731850 0.001654537 0.879588723 92.337570190
0.905117333 0.015665755 0.424873173 56.815246582 -0.015976865 0.999868333 -0.002830861 -3.034102678 -0.424861491 -0.004225881 0.905248582 92.745445251
0.924932420 0.018453214 0.379683286 56.931282043 -0.020223876 0.999795198 0.000674987 -3.045821905 -0.379593134 -0.008302983 0.925116360 93.160224915
0.940064967 0.023958158 0.340152383 57.054447174 -0.026758352 0.999635637 0.003543020 -3.053484917 -0.339943588 -0.012432588 0.940363646 93.620292664
0.951900005 0.028243067 0.305104434 57.164024353 -0.030542357 0.999529660 0.002764584 -3.054991961 -0.304882944 -0.011950218 0.952314794 94.080337524
0.961098313 0.030692296 0.274495542 57.269180298 -0.032735165 0.999459982 0.002863417 -3.054346323 -0.274259478 -0.011737684 0.961584032 94.544479370
0.967116356 0.025249923 0.253077507 57.375831604 -0.026922166 0.999632537 0.003146161 -3.059642315 -0.252905130 -0.009856101 0.967440844 95.009956360
0.971172273 0.022319820 0.237331331 57.486251831 -0.024062390 0.999700606 0.004447757 -3.073428154 -0.237161025 -0.010030298 0.971418560 95.491744995
0.973932743 0.026934607 0.225231797 57.571170807 -0.028564146 0.999584019 0.003978803 -3.076089382 -0.225030988 -0.010308642 0.974297106 95.996902466
0.976030767 0.032091290 0.215253398 57.665889740 -0.033914153 0.999413311 0.004779428 -3.073771000 -0.214973807 -0.011965005 0.976546526 96.508499146
0.977009594 0.039784145 0.209450036 57.757820129 -0.041343369 0.999140263 0.003069573 -3.071710110 -0.209147930 -0.011658376 0.977814496 97.005317688
0.977546692 0.045623422 0.205720767 57.865722656 -0.046495166 0.998918295 -0.000597316 -3.074814320 -0.205525547 -0.008981120 0.978610575 97.488647461
0.977689087 0.047078829 0.204713240 57.973526001 -0.047509916 0.998866796 -0.002811482 -3.087623835 -0.204613686 -0.006977156 0.978817999 98.020790100
0.977165222 0.045582961 0.207533687 58.085159302 -0.045142457 0.998956919 -0.006860465 -3.087944984 -0.207629994 -0.002664772 0.978203893 98.561882019
0.976331115 0.044933345 0.211562142 58.202247620 -0.043150738 0.998983502 -0.013037595 -3.101459503 -0.211932957 0.003599947 0.977277637 99.122688293
0.975455344 0.044336300 0.215687901 58.326789856 -0.041448329 0.998980343 -0.017896701 -3.102030754 -0.216261491 0.008517532 0.976298392 99.679702759
0.974310875 0.049662903 0.219662979 58.457954407 -0.046951089 0.998742878 -0.017551923 -3.113679886 -0.220258564 0.006787609 0.975417972 100.245918274
0.972787261 0.052826252 0.225597605 58.581424713 -0.051021107 0.998601735 -0.013828610 -3.122736454 -0.226012722 0.001942053 0.974122524 100.839614868
0.971871436 0.049676970 0.230213106 58.729644775 -0.048813842 0.998763144 -0.009446644 -3.130356312 -0.230397716 -0.002056667 0.973094404 101.437744141
0.971151888 0.045555428 0.234069735 58.878955841 -0.045940086 0.998936892 -0.003811648 -3.142578840 -0.233994588 -0.007051499 0.972212374 102.062644958
0.970300078 0.043607298 0.237941638 59.028884888 -0.045048460 0.998984575 0.000619924 -3.149022341 -0.237673044 -0.011320421 0.971279383 102.687431335
0.969821811 0.038284209 0.240790039 59.195785522 -0.039912835 0.999201417 0.001888383 -3.163426876 -0.240525454 -0.011442009 0.970575392 103.319335938
0.969836593 0.034995403 0.241230637 59.356349945 -0.035712060 0.999361217 -0.001401896 -3.169171810 -0.241125628 -0.007255234 0.970466852 103.961463928
0.969992638 0.034116041 0.240728617 59.520286560 -0.033072803 0.999417901 -0.008373733 -3.178376675 -0.240874171 0.000160888 0.970556378 104.608459473
0.970119655 0.036398869 0.239880815 59.676506042 -0.033808816 0.999317169 -0.014904947 -3.187776566 -0.240259573 0.006349494 0.970687985 105.263175964
0.970652580 0.039580382 0.237206310 59.830703735 -0.036092747 0.999167264 -0.019029414 -3.195892572 -0.237761989 0.009909522 0.971272945 105.944374084
0.971355200 0.037931856 0.234585688 60.004158020 -0.035563674 0.999264777 -0.014318939 -3.205042362 -0.234956414 0.005566045 0.971989989 106.619987488
0.971802235 0.033754613 0.233369082 60.172344208 -0.033079438 0.999429345 -0.006807648 -3.218803167 -0.233465716 -0.001104034 0.972364426 107.329551697
0.972407520 0.034143616 0.230776891 60.338676453 -0.034941234 0.999389052 -0.000631142 -3.236438513 -0.230657503 -0.007449901 0.973006427 108.052398682
0.972627282 0.037854686 0.229266778 60.495597839 -0.038602438 0.999253809 -0.001224166 -3.247169256 -0.229142070 -0.007659601 0.973362863 108.772933960
0.972948611 0.043211333 0.226944163 60.657943726 -0.042951189 0.999058723 -0.006086731 -3.250074387 -0.226993516 -0.003825444 0.973888874 109.507087708
0.973824263 0.044104982 0.222981811 60.820510864 -0.042625394 0.999025583 -0.011446495 -3.257908344 -0.223269373 0.001642188 0.974755406 110.247100830
0.974764109 0.042636909 0.219127789 60.990715027 -0.040502511 0.999078155 -0.014225535 -3.271700382 -0.219532341 0.004991314 0.975592434 111.002235413
0.975725949 0.040585104 0.215201706 61.158020020 -0.038774580 0.999168158 -0.012629951 -3.285477638 -0.215535268 0.003979016 0.976487875 111.774284363
0.976600885 0.036970079 0.211857840 61.323833466 -0.035524860 0.999312341 -0.010625220 -3.298875809 -0.212104991 0.002850377 0.977242708 112.549720764
0.976990521 0.035505559 0.210307106 61.491401672 -0.034671932 0.999369621 -0.007650861 -3.316314220 -0.210446194 0.000183065 0.977605462 113.334007263
0.977355540 0.032269131 0.209128588 61.660766602 -0.031838506 0.999478281 -0.005426152 -3.324993610 -0.209194586 -0.001355062 0.977873147 114.134330750
0.977628708 0.027195880 0.208572060 61.837886810 -0.026915794 0.999629021 -0.004181486 -3.337027311 -0.208608404 -0.001525940 0.977998137 114.931533813
0.977684081 0.028324556 0.208161741 62.002365112 -0.028376799 0.999593556 -0.002735818 -3.345329523 -0.208154649 -0.003232198 0.978090644 115.735511780
0.977474570 0.033562269 0.208367735 62.169502258 -0.033330467 0.999433696 -0.004624402 -3.354748249 -0.208404958 -0.002424760 0.978039682 116.551498413
0.977140486 0.039431825 0.208905205 62.330547333 -0.038587261 0.999222219 -0.008118396 -3.364649773 -0.209062830 -0.000128267 0.977902234 117.367485046
0.976568818 0.047886435 0.209810078 62.490169525 -0.046928562 0.998852611 -0.009544471 -3.377147675 -0.210026428 -0.000525253 0.977695644 118.187515259
0.975634456 0.053724937 0.212722749 62.656909943 -0.053063340 0.998552084 -0.008822463 -3.397025108 -0.212888733 -0.002680277 0.977072775 119.016754150
0.974777222 0.056512322 0.215906516 62.825599670 -0.056354705 0.998386979 -0.006891401 -3.411137581 -0.215947717 -0.005449764 0.976389766 119.851493835
0.974210262 0.057367470 0.218227476 63.008552551 -0.057075094 0.998340607 -0.007648598 -3.430727482 -0.218304127 -0.005004009 0.975867987 120.674339294
0.973907709 0.055294815 0.220104948 63.189632416 -0.054303724 0.998468697 -0.010555549 -3.440663815 -0.220351562 -0.001672387 0.975419104 121.522804260
0.973944783 0.049194533 0.221385747 63.390693665 -0.048339557 0.998787820 -0.009281764 -3.459873676 -0.221574023 -0.001661761 0.975142121 122.348457336
0.974213302 0.042547569 0.221581250 63.586902618 -0.041206073 0.999093592 -0.010675556 -3.480133533 -0.221834645 0.001269776 0.975083470 123.181381226
0.973932326 0.042129312 0.222892061 63.772171021 -0.040746376 0.999111116 -0.010801836 -3.499691486 -0.223148987 0.001438211 0.974783361 124.010047913
0.973406136 0.044219267 0.224778190 63.960700989 -0.043512594 0.999020100 -0.008099115 -3.512550831 -0.224916071 -0.001896953 0.974376380 124.844345093
0.972987115 0.046426792 0.226142675 64.147140503 -0.047164652 0.998884737 -0.002142114 -3.531171322 -0.225989923 -0.008581690 0.974091828 125.674942017
0.972609520 0.050071001 0.226988494 64.328346252 -0.051849019 0.998653114 0.001873540 -3.546248674 -0.226588979 -0.013591353 0.973895609 126.502159119
0.972399294 0.049286339 0.228057906 64.513671875 -0.049593508 0.998759806 -0.004387141 -3.565541506 -0.227991313 -0.007044137 0.973637581 127.320205688
0.972722232 0.044915926 0.227583006 64.711532593 -0.041707318 0.998951256 -0.018890616 -3.583034039 -0.228192821 0.008883446 0.973575354 128.134124756
